0.212641
0.715118
0.601834
0.159611
0.944825
0.730731
0.411339
0.266605
0.151919
0.216942
0.773567
0.610980
0.763701
0.873913
0.624289
0.229094
0.317756
0.890383
0.065556
0.353719
0.918968
0.097146
0.443470
0.196449
0.670609
0.452026
0.813559
0.799722
0.002171
0.725229
0.985517
0.593740
0.000173
0.360324
0.062472
0.811846
0.364617
0.533640
0.517200
0.243991
0.350021
0.918458
0.702756
0.833314
0.080385
0.740599
0.255807
0.630881
0.796486
0.135957
0.808539
0.936196
0.404719
0.934755
0.810856
0.004287
0.554810
0.266699
0.010072
0.990827
0.494935
0.895662
0.395215
0.343543
0.983144
0.381277
0.063508
0.122365
0.648748
0.848190
0.296328
0.840660
0.309556
0.736214
0.212641
0.023296
0.641036
0.822755
0.039328
0.217101
0.746614
0.606330
0.853051
0.862352
0.634734
0.859931
0.137013
0.752670
0.950025
0.008969
0.651491
0.937781
0.674309
0.587647
0.562046
0.998577
0.326215
0.258988
0.258988
0.807543
0.830839
0.883949
0.636513
0.397732
0.037529
0.898360
0.930844
0.928780
0.890383
0.640220
0.210303
0.000027
0.824047
0.667574
0.950490
0.723197
0.730876
0.873913
0.702756
0.713732
0.945317
0.267915
0.954874
0.806812
0.501869
0.652455
0.839038
0.527310
0.000001
0.405528
0.351725
0.138322
0.058289
0.293261
0.670461
0.736070
0.794456
0.969714
0.313742
0.383860
0.386211
0.384281
0.694454
0.528375
0.563932
0.110801
0.029321
0.736214
0.648748
0.560162
0.664833
0.232015
0.442227
0.924111
0.577986
0.882522
0.234035
0.145484
0.128633
0.771616
0.215316
0.216862
0.604266
0.592124
0.552933
0.653048
0.177425
0.435586
0.190933
0.795471
0.273771
0.020322
0.323307
0.053641
0.085684
0.745542
0.354576
0.635253
0.122636
0.913467
0.080199
0.888991
0.535637
0.909066
0.073856
0.127200
0.542003
0.133628
0.546668
0.106603
0.559221
0.297541
0.539353
0.075575
0.037486
0.712126
0.682808
0.241818
0.740886
0.904661
0.699086
0.849898
0.530863
0.463477
0.037234
0.098584
0.031838
0.252030
0.277407
0.667574
0.104998
0.962293
0.412030
0.256215
0.293361
0.443078
0.061531
0.865048
0.940889
0.096865
0.533783
0.295118
0.648748
0.067490
0.899492
0.990347
0.684875
0.791059
0.881087
0.109319
0.810129
0.745399
0.724285
0.388329
0.039630
0.798241
0.810856
0.000520
0.476227
0.129252
0.623179
0.053441
0.342089
0.087354
0.099033
0.000387
0.499437
0.068087
0.325082
0.697028
0.581934
0.754517
0.521927
0.868301
0.594034
0.446751
0.626214
0.617556
0.176179
0.002675
0.996985
0.461870
0.350872
0.199182
0.345000
0.842834
0.714024
0.153737
0.143015
0.976796
0.521503
0.146919
0.034033
0.570547
0.602349
0.454344
0.008627
0.955449
0.063769
0.044559
0.313532
0.032093
0.549186
0.070239
0.246619
0.267727
0.313269
0.269652
0.854378
0.673347
0.844566
0.608101
0.041134
0.667722
0.878418
0.295118
0.000002
0.001980
0.376503
0.079945
0.023263
0.936196
0.844997
0.868070
0.882522
0.759260
0.500340
0.868070
0.950419
0.314689
0.408084
0.477518
0.988172
0.927079
0.298706
0.458666
0.529014
0.468583
0.836342
0.489693
0.803344
0.606183
0.863879
0.375968
0.776416
0.786893
0.487906
0.718616
0.822496
0.916122
0.706714
0.159734
0.989281
0.497773
0.998439
0.809996
0.264372
0.936278
0.691731
0.908527
0.376206
0.142228
0.892350
0.710518
0.596607
0.975583
0.204132
0.969714
0.890170
0.074807
0.544513
0.401990
0.011483
0.252298
0.341587
0.457533
0.969064
0.823466
0.185930
0.536280
0.881197
0.308983
0.534567
0.852931
0.838100
0.613565
0.976750
0.598814
0.927736
0.154849
0.000002
0.838100
0.115588
0.671719
0.956319
0.671571
0.734196
0.361307
0.116505
0.927079
0.994574
0.402299
0.531005
0.579228
0.675270
0.876343
0.384281
0.086679
0.272820
0.917341
0.530721
0.659646
0.011751
0.679115
0.719853
0.958387
0.224113
0.220142
0.644076
0.848312
0.391488
0.835524
0.194402
0.922037
0.860701
0.996825
0.910432
0.850020
0.826557
0.829181
0.267821
0.698131
0.837159
0.152632
0.219298
0.997888
0.896444
0.971772
0.256895
0.949557
0.319936
0.716577
0.968763
0.760954
0.491621
0.552789
0.176246
0.487013
0.944332
0.358305
0.080743
0.977635
0.998388
0.690626
0.979344
0.893723
0.970754
0.976194
0.571785
0.067839
0.225627
0.078519
0.494174
0.154849
0.006002
0.035107
0.837849
0.694307
0.731526
0.820811
0.918458
0.033337
0.869570
0.619627
0.153288
0.856179
0.072467
0.009945
0.747256
0.158010
0.252611
0.444060
0.781533
0.403353
0.231847
0.368180
0.844319
0.009232
0.977970
0.483451
0.322127
0.575285
0.089669
0.134801
0.974015
0.894983
0.440203
0.859160
0.808406
0.650676
0.464483
0.711980
0.671423
0.938827
0.176246
0.918458
0.859813
0.727910
0.911159
0.295974
0.311906
0.944408
0.646820
0.372474
0.765107
0.803945
0.249712
0.117073
0.421770
0.691583
0.355835
0.539998
0.517763
0.682808
0.647784
0.770220
0.942334
0.840411
0.371471
0.426754
0.303608
0.773428
0.335931
0.149241
0.264883
0.692688
0.967261
0.637329
0.006002
0.230384
0.049085
0.479900
0.055252
0.803812
0.469594
0.435975
0.285523
0.362350
0.868820
0.879032
0.637773
0.259582
0.178305
0.121873
0.465086
0.159394
0.384763
0.513683
0.316961
0.991452
0.123926
0.080199
0.595798
0.021445
0.840411
0.909262
0.811846
0.629621
0.594989
0.016417
0.159333
0.358939
0.520867
0.539854
0.886781
0.139310
0.056659
0.743681
0.261371
0.574993
0.137312
0.529156
0.891555
0.923123
0.209219
0.737005
0.298047
0.624956
0.167402
0.402423
0.269840
0.816576
0.081859
0.017588
0.311226
0.508986
0.599624
0.325891
0.987167
0.383499
0.055982
0.598520
0.516566
0.088997
0.895662
0.376622
0.953679
0.763701
0.992221
0.617556
0.808141
0.637329
0.006279
0.318446
0.857732
0.121775
0.112073
0.160013
0.362582
0.505911
0.029220
0.851357
0.539067
0.928780
0.212406
0.103329
0.121408
0.071391
0.156544
0.264883
0.103287
0.361713
0.473108
0.127864
0.497496
0.936808
0.119031
0.297844
0.171925
0.003810
0.878920
0.203564
0.427331
0.160882
0.344776
0.705322
0.052234
0.158409
0.512489
0.753736
0.102546
0.356581
0.504725
0.486121
0.750821
0.833314
0.360960
0.457666
0.141669
0.072266
0.271398
0.316379
0.908527
0.560307
0.664167
0.625918
0.407959
0.018127
0.048588
0.819251
0.582739
0.237431
0.893512
0.127047
0.764755
0.423300
0.265999
0.622513
0.473988
0.775236
0.555605
0.868820
0.343431
0.416252
0.520726
0.722398
0.006279
0.275202
0.753736
0.428551
0.437989
0.551996
0.863762
0.853836
0.851478
0.056117
0.969417
0.888185
0.140888
0.788261
0.038453
0.183833
0.807543
0.927561
0.480037
0.644076
0.797364
0.002019
0.029147
0.463477
0.377514
0.443470
0.826685
0.638144
0.669795
0.918968
0.971772
0.602644
0.006947
0.504864
0.682808
0.135150
0.937943
0.616447
0.899030
0.400815
0.762011
0.936890
0.207948
0.626214
0.450044
0.278756
0.568655
0.986325
0.273152
0.598373
0.519314
0.722398
0.402981
0.352351
0.114073
0.990517
0.561249
0.648896
0.847639
0.930844
0.173079
0.277070
0.920670
0.537494
0.809401
0.720653
0.084611
0.883236
0.725083
0.614008
0.317756
0.879143
0.361076
0.722398
0.000002
0.005643
0.435457
0.336207
0.870432
0.384161
0.974601
0.407147
0.339195
0.367770
0.976147
0.671571
0.894196
0.911690
0.965457
0.271919
0.814150
0.149182
0.270973
0.879867
0.796351
0.023915
0.821071
0.712929
0.039871
0.241342
0.382177
0.144487
0.984341
0.628807
0.118407
0.193131
0.891661
0.258578
0.625548
0.749254
0.914894
0.644892
0.580032
0.038696
0.206033
0.802206
0.984377
0.285523
0.394664
0.733403
0.471214
0.333786
0.025214
0.656459
0.422726
0.267727
0.837410
0.036033
0.850810
0.445897
0.271067
0.834010
0.364733
0.408896
0.934672
0.848434
0.915415
0.644224
0.846044
0.363221
0.520232
0.773428
0.571931
0.248560
0.411339
0.052085
0.595651
0.387420
0.000002
0.034830
0.879032
0.786893
0.049368
0.485505
0.176851
0.606994
0.605666
0.454211
0.536280
0.279190
0.887484
0.377752
0.095668
0.181860
0.849228
0.325190
0.717669
0.699086
0.489831
0.388450
0.019362
0.913467
0.085110
0.025971
0.107546
0.547315
0.103648
0.679558
0.778702
0.190002
0.599624
0.699894
0.693645
0.861469
0.071101
0.181034
0.925447
0.658238
0.267306
0.886672
0.769801
0.875385
0.245040
0.296631
0.237047
0.376860
0.170645
0.212485
0.646004
0.277503
0.633771
0.752031
0.440660
0.578278
0.186844
0.973694
0.002479
0.901687
0.308412
0.978258
0.553727
0.034336
0.631696
0.584349
0.115846
0.692393
0.807410
0.991919
0.222080
0.175743
0.838100
0.387420
0.000007
0.040375
0.682955
0.306598
0.096345
0.498535
0.274581
0.939426
0.900465
0.715775
0.353947
0.295874
0.014186
0.915934
0.960399
0.594181
0.090951
0.159611
0.883949
0.043557
0.490726
0.133176
0.247191
0.484614
0.047661
0.000038
0.239574
0.370588
0.376087
0.814413
0.474124
0.023949
0.651936
0.117334
0.064587
0.476362
0.293160
0.902902
0.897689
0.521150
0.825014
0.754800
0.718325
0.353947
0.098890
0.171925
0.000665
0.332142
0.685539
0.413539
0.247985
0.685981
0.551059
0.363337
0.497773
0.543078
0.352009
0.882632
0.284444
0.211158
0.921856
0.431512
0.755439
0.912940
0.815725
0.390940
0.876231
0.644224
0.432222
0.349285
0.363221
0.754659
0.740742
0.503331
0.000007
0.105365
0.816837
0.711980
0.178372
0.666759
0.637625
0.817817
0.873516
0.760954
0.145913
0.440203
0.341364
0.995031
0.833314
0.260269
0.552789
0.393869
0.531646
0.651343
0.375315
0.358708
0.209451
0.393869
0.861999
0.211977
0.195680
0.285621
0.523908
0.358593
0.457800
0.729140
0.685686
0.622217
0.845120
0.204890
0.682291
0.456801
0.729140
0.448198
0.309087
0.085774
0.083198
0.249712
0.591316
0.601392
0.127864
0.045754
0.194002
0.815856
0.829181
0.659869
0.339195
0.157551
0.305926
0.576379
0.110846
0.900822
0.473243
0.244646
0.679115
0.850142
0.605224
0.927079
0.522210
0.771616
0.874989
0.367653
0.731815
0.844319
0.698278
0.760178
0.600581
0.503331
0.079456
0.164147
0.352977
0.179563
0.970410
0.621255
0.469729
0.867433
0.082326
0.795471
0.679262
0.958387
0.391123
0.856059
0.526388
0.678302
0.359458
0.634067
0.272630
0.533498
0.500201
0.615634
0.937417
0.691141
0.235558
0.357672
0.554955
0.678302
0.697175
0.942334
0.240047
0.400135
0.604266
0.515651
0.859279
0.793574
0.357845
0.641184
0.791195
0.206873
0.123876
0.198366
0.752670
0.925846
0.660462
0.033420
0.150884
0.911062
0.225627
0.988141
0.879755
0.815594
0.460133
0.478130
0.771616
0.740886
0.350645
0.701949
0.617556
0.050325
0.270878
0.708324
0.850567
0.739809
0.729140
0.357098
0.605224
0.043324
0.960869
0.728995
0.871177
0.237688
0.685686
0.500062
0.079456
0.551059
0.419990
0.670461
0.135553
0.734629
0.949629
0.554305
0.473379
0.178169
0.114723
0.674309
0.672681
0.792691
0.693350
0.924200
0.421516
0.748327
0.846719
0.580032
0.581641
0.258487
0.641481
0.360729
0.323307
0.378170
0.403787
0.414358
0.952711
0.460868
0.804813
0.843639
0.853715
0.906257
0.623327
0.349398
0.876737
0.492242
0.781396
0.399210
0.420943
0.685686
0.789559
0.591977
0.732609
0.274486
0.713075
0.181860
0.924111
0.643112
0.785111
0.204473
0.868185
0.330940
0.914799
0.574190
0.665278
0.529014
0.183139
0.280109
0.273771
0.774471
0.703709
0.393746
0.730731
0.755297
0.021142
0.332032
0.414736
0.337865
0.106320
0.921355
0.967571
0.500062
0.003913
0.109766
0.874763
0.371589
0.612752
0.871692
0.908527
0.276542
0.549330
0.534424
0.228306
0.691141
0.881916
0.971772
0.834831
0.711176
0.813427
0.033337
0.944825
0.713075
0.967627
0.163389
0.238073
0.670757
0.083990
0.649563
0.083233
0.946776
0.653864
0.904210
0.086208
0.571494
0.522847
0.204397
0.494036
0.972718
0.382057
0.675566
0.953610
0.237602
0.973744
0.721453
0.975274
0.350645
0.391367
0.440921
0.043918
0.670609
0.007216
0.210808
0.107744
0.979065
0.961616
0.434614
0.291611
0.813559
0.345506
0.145971
0.325190
0.607437
0.078452
0.710226
0.366366
0.801602
0.401062
0.598814
0.590361
0.712126
0.276255
0.021973
0.332853
0.411904
0.708471
0.587500
0.003913
0.753594
0.984142
0.907445
0.891555
0.542792
0.864406
0.059572
0.863762
0.304276
0.709129
0.787509
0.881197
0.944901
0.785728
0.760178
0.919568
0.411339
0.490588
0.978170
0.777040
0.436430
0.057007
0.268430
0.879644
0.811450
0.726316
0.785111
0.212837
0.950953
0.755439
0.732609
0.737293
0.545447
0.597563
0.736358
0.915320
0.810988
0.919568
0.242469
0.696220
0.225340
0.118935
0.999697
0.317067
0.726823
0.336317
0.157337
0.626881
0.630733
0.337146
0.660313
0.468449
0.203074
0.222080
0.328110
0.395889
0.831792
0.790173
0.456668
0.087464
0.371471
0.922037
0.511998
0.697322
0.932583
0.549978
0.094425
0.909262
0.606330
0.963535
0.066638
0.745399
0.587500
0.005384
0.026658
0.863644
0.779463
0.964636
0.797971
0.853715
0.373775
0.779877
0.860819
0.012465
0.656311
0.748327
0.935827
0.455937
0.713075
0.751106
0.602644
0.827647
0.901026
0.044193
0.829883
0.499923
0.212328
0.791807
0.535637
0.469122
0.658386
0.524829
0.921264
0.667870
0.543868
0.777040
0.798106
0.315006
0.997762
0.981713
0.147294
0.334280
0.642148
0.759401
0.109431
0.615930
0.016124
0.035107
0.153348
0.178508
0.669943
0.789423
0.942914
0.343767
0.481810
0.640517
0.443470
0.906157
0.966208
0.366366
0.412156
0.771616
0.733547
0.671423
0.812703
0.291960
0.736502
0.050805
0.649712
0.218497
0.603013
0.216942
0.072096
0.340640
0.529441
0.266186
0.590215
0.005384
0.584496
0.639405
0.951413
0.051515
0.562191
0.703709
0.059741
0.396135
0.388450
0.579886
0.988529
0.145284
0.843082
0.772801
0.786140
0.812571
0.570547
0.907445
0.209954
0.167209
0.285818
0.300283
0.505631
0.200373
0.679410
0.999611
0.627844
0.910626
0.511087
0.370823
0.383499
0.578132
0.396933
0.010693
0.810592
0.307737
0.165927
0.940535
0.612900
0.562989
0.217539
0.257122
0.882632
0.859813
0.256215
0.230009
0.235771
0.439942
0.200149
0.038854
0.537351
0.653864
0.670609
0.810988
0.292610
0.781671
0.966893
0.356466
0.566765
0.987975
0.010881
0.795607
0.683915
0.997423
0.308879
0.435003
0.401618
0.280109
0.637625
0.096785
0.644076
0.465489
0.590215
