0.638441
0.580983
0.870948
0.460267
0.188613
0.538924
0.165321
0.683768
0.600729
0.469864
0.942837
0.913658
0.905958
0.135903
0.235219
0.239016
0.649044
0.617704
0.511227
0.642000
0.671571
0.998834
0.652752
0.774332
0.313059
0.096484
0.322287
0.441639
0.724140
0.040457
0.382177
0.800864
0.703709
0.140582
0.768262
0.865923
0.492242
0.671719
0.680223
0.583544
0.240867
0.227768
0.063275
0.123428
0.976450
0.660462
0.996043
0.574336
0.489418
0.315797
0.370588
0.016959
0.188862
0.735277
0.108208
0.510036
0.139090
0.387662
0.626214
0.562989
0.048406
0.502774
0.690478
0.884551
0.845921
0.406586
0.523766
0.367770
0.324005
0.749895
0.282197
0.804079
0.015870
0.362350
0.638441
0.582739
0.242295
0.387118
0.519314
0.717961
0.499576
0.473514
0.653271
0.693498
0.285523
0.944484
0.894406
0.675566
0.524545
0.539998
0.980623
0.761871
0.336428
0.055909
0.709275
0.810724
0.378408
0.755439
0.705469
0.243207
0.526530
0.236408
0.482425
0.464751
0.176313
0.023595
0.614673
0.326918
0.105430
0.333456
0.815135
0.900260
0.679115
0.765668
0.744326
0.953610
0.110892
0.454808
0.929342
0.448923
0.431770
0.827775
0.400259
0.382297
0.631844
0.802340
0.222972
0.989616
0.321217
0.397179
0.859279
0.958322
0.675418
0.710226
0.380738
0.241083
0.694160
0.043645
0.216743
0.139283
0.693350
0.981153
0.642815
0.676675
0.273771
0.096845
0.192120
0.362350
0.926023
0.471755
0.006506
0.057569
0.270170
0.809732
0.657274
0.035139
0.690478
0.836342
0.365141
0.448066
0.782292
0.274390
0.920762
0.585448
0.938827
0.635846
0.679115
0.186950
0.888777
0.889688
0.111981
0.140888
0.594034
0.752031
0.021860
0.899030
0.516566
0.797971
0.066081
0.460868
0.181275
0.555749
0.764615
0.217459
0.369823
0.456934
0.339306
0.378408
0.315006
0.632511
0.710080
0.757422
0.222323
0.861351
0.669795
0.681848
0.580983
0.693498
0.769171
0.482699
0.709275
0.223216
0.597711
0.407709
0.070570
0.959096
0.924870
0.797364
0.178610
0.302480
0.475616
0.198699
0.420943
0.245785
0.614821
0.928606
0.314321
0.242946
0.928780
0.862999
0.625252
0.653716
0.926023
0.270453
0.086244
0.924200
0.135204
0.940456
0.266512
0.074568
0.083655
0.689520
0.720362
0.441770
0.315006
0.599919
0.912220
0.152632
0.962476
0.906058
0.880366
0.176179
0.893828
0.222444
0.777178
0.009320
0.662240
0.975583
0.790173
0.194002
0.852931
0.756218
0.726316
0.442489
0.180897
0.263863
0.931568
0.906703
0.871806
0.234753
0.687751
0.042987
0.496111
0.783049
0.001874
0.478674
0.546237
0.571348
0.391488
0.106124
0.060590
0.913132
0.637773
0.652752
0.508216
0.987745
0.080063
0.519314
0.895192
0.121139
0.332853
0.769940
0.003360
0.800730
0.604266
0.475005
0.337035
0.283172
0.219378
0.039081
0.068410
0.418023
0.802340
0.775097
0.664833
0.653716
0.782567
0.503052
0.878306
0.478266
0.642964
0.294666
0.142453
0.932499
0.576087
0.027678
0.876849
0.769032
0.769171
0.734484
0.187550
0.688710
0.298960
0.736358
0.416694
0.079945
0.528091
0.744755
0.154578
0.546525
0.809268
0.795201
0.200373
0.128530
0.427459
0.386211
0.378289
0.631696
0.529938
0.778079
0.228223
0.130055
0.256713
0.270265
0.854618
0.141976
0.381397
0.353833
0.730442
0.735277
0.460400
0.133920
0.986959
0.758200
0.479151
0.899492
0.474598
0.613861
0.024403
0.233739
0.919568
0.782292
0.783186
0.132041
0.373124
0.125831
0.822367
0.545591
0.285621
0.188152
0.127685
0.290416
0.300946
0.142284
0.273438
0.443929
0.862117
0.687899
0.113865
0.201045
0.782567
0.208718
0.153139
0.923032
0.721308
0.842028
0.146660
0.436559
0.823918
0.697028
0.592124
0.775861
0.800730
0.668832
0.818404
0.585595
0.707226
0.133920
0.100641
0.387420
0.182309
0.521150
0.105084
0.227396
0.182032
0.052510
0.057960
0.002874
0.723342
0.929902
0.455937
0.098849
0.525466
0.126488
0.599771
0.504237
0.565530
0.576525
0.911594
0.704809
0.068542
0.074125
0.825142
0.139862
0.206529
0.438705
0.455074
0.940377
0.477518
0.822884
0.315692
0.487768
0.032159
0.171268
0.670905
0.203489
0.096625
0.810856
0.274772
0.486876
0.455672
0.345618
0.449780
0.237517
0.373124
0.556544
0.241040
0.121726
0.527168
0.060079
0.186844
0.143438
0.768122
0.201045
0.533640
0.863644
0.975890
0.623031
0.358824
0.270453
0.197812
0.478402
0.652604
0.141752
0.307063
0.123478
0.850810
0.227685
0.971383
0.785865
0.467977
0.273866
0.386634
0.438249
0.111913
0.647784
0.332470
0.475616
0.082552
0.794456
0.550266
0.897119
0.779739
0.808871
0.060420
0.743681
0.460400
0.782567
0.634290
0.047482
0.035717
0.033902
0.239359
0.700995
0.694454
0.179256
0.604413
0.272203
0.012049
0.308204
0.195826
0.181860
0.093526
0.103733
0.855399
0.089164
0.524687
0.308983
0.980970
0.864523
0.813295
0.935374
0.984574
0.603307
0.247985
0.036534
0.162382
0.818404
0.514877
0.085738
0.298960
0.551996
0.532571
0.205537
0.371236
0.393624
0.135715
0.658090
0.562191
0.076561
0.184356
0.106647
0.595651
0.750038
0.472972
0.539497
0.579740
0.304174
0.006222
0.256532
0.775513
0.428422
0.342927
0.997573
0.518116
0.203149
0.735277
0.039728
0.798106
0.729791
0.900260
0.087942
0.072405
0.596607
0.874253
0.629621
0.899595
0.021400
0.511577
0.843639
0.978214
0.310546
0.937781
0.026923
0.398409
0.075849
0.000053
0.815135
0.377633
0.563932
0.054149
0.249801
0.641332
0.908527
0.439356
0.637329
0.880976
0.393624
0.146286
0.323898
0.729936
0.607142
0.478538
0.000116
0.342816
0.260682
0.326918
0.820941
0.687456
0.296530
0.885260
0.780637
0.065839
0.753097
0.913658
0.178474
0.316961
0.002533
0.832363
0.434032
0.160696
0.658090
0.485642
0.855399
0.772801
0.465221
0.234669
0.992660
0.332360
0.336428
0.895558
0.910965
0.365491
0.435586
0.560162
0.116246
0.650676
0.744469
0.009499
0.707519
0.146545
0.967571
0.215237
0.372474
0.017381
0.550122
0.189931
0.558569
0.035331
0.338696
0.291312
0.239832
0.618666
0.382297
0.549474
0.779463
0.611940
0.677045
0.437989
0.777178
0.239016
0.931483
0.172782
0.888884
0.274390
0.230843
0.380858
0.940456
0.319936
0.138212
0.362582
0.630066
0.620959
0.838100
0.874876
0.878418
0.048406
0.679410
0.592124
0.534424
0.028715
0.151415
0.365374
0.673347
0.465355
0.044927
0.535637
0.472228
0.558569
0.596460
0.692688
0.475616
0.825850
0.259765
0.319936
0.186386
0.485642
0.803344
0.114630
0.279915
0.277167
0.866446
0.971824
0.326107
0.828926
0.575285
0.254363
0.184425
0.079355
0.506679
0.277792
0.007021
0.688710
0.772662
0.502148
0.757139
0.382717
0.134909
0.609208
0.296429
0.183521
0.622217
0.171300
0.836594
0.704662
0.216187
0.333073
0.651936
0.933674
0.817556
0.932414
0.886781
0.141138
0.598005
0.345731
0.266605
0.933045
0.980623
0.406337
0.395460
0.673347
0.044410
0.866039
0.684210
0.957113
0.668832
0.267727
0.576233
0.720362
0.667574
0.542935
0.367770
0.725374
0.293912
0.838100
0.866795
0.785111
0.664981
0.901687
0.264094
0.270878
0.537351
0.122587
0.443601
0.934132
0.108696
0.693498
0.906157
0.431383
0.186386
0.980084
0.277070
0.964311
0.655643
0.366483
0.867549
0.004445
0.692393
0.813164
0.013944
0.839038
0.563134
0.307530
0.461135
0.339528
0.562046
0.551707
0.438249
0.362466
0.813559
0.884660
0.777940
0.493415
0.002357
0.572441
0.160075
0.903457
0.404719
0.845798
0.386634
0.750821
0.359458
0.584496
0.156879
0.074600
0.029047
0.541072
0.499576
0.765528
0.714170
0.548251
0.601392
0.502913
0.457666
0.246927
0.626066
0.018815
0.161287
0.819967
0.353491
0.150825
0.438249
0.325298
0.300742
0.886076
0.685022
0.360555
0.405652
0.436689
0.784218
0.938466
0.727113
0.072591
0.646004
0.313742
0.455074
0.905411
0.186175
0.811714
0.871920
0.302377
0.169732
0.819382
0.505352
0.980084
0.464348
0.554305
0.950953
0.273247
0.236026
0.212680
0.686498
0.829309
0.983905
0.896808
0.076172
0.337256
0.837849
0.464617
0.075190
0.024183
0.253778
0.574336
0.807543
0.441508
0.408084
0.775097
0.798241
0.562046
0.819121
0.093118
0.917947
0.828479
0.909262
0.767351
0.300283
0.785111
0.415178
0.696220
0.938827
0.456070
0.348041
0.976147
0.563932
0.455804
0.414484
0.434032
0.070767
0.896808
0.040276
0.296631
0.934049
0.991476
0.737149
0.483724
0.595136
0.279480
0.644224
0.691731
0.372769
0.417643
0.214369
0.093118
0.837285
0.630733
0.856956
0.735277
0.661425
0.648748
0.070964
0.787509
0.111731
0.547459
0.400938
0.585301
0.018538
0.416568
0.505352
0.446488
0.412030
0.228762
0.982936
0.162319
0.442620
0.497357
0.567855
0.471079
0.299519
0.085039
0.626881
0.697984
0.131516
0.815987
0.201607
0.505492
0.698939
0.212680
0.940456
0.155634
0.482084
0.716868
0.183451
0.842710
0.272298
0.615486
0.446619
0.951871
0.371589
0.970117
0.796351
0.623845
0.971043
0.279383
0.713221
0.833314
0.697175
0.319403
0.156544
0.327514
0.905510
0.837410
0.881308
0.100600
0.872662
0.129640
0.844195
0.636365
0.944825
0.288927
0.753736
0.028231
0.902801
0.438379
0.660165
0.613196
0.209877
0.278322
0.195095
0.198440
0.061973
0.321217
0.989972
0.614821
0.144799
0.488937
0.028518
0.959096
0.088829
0.048449
0.846167
0.559511
0.121139
0.446488
0.406462
0.359458
0.572295
0.088514
0.623993
0.002658
0.656311
0.830011
0.381397
0.275011
0.414232
0.590361
0.885967
0.552140
0.131019
0.975843
0.235771
0.330122
0.210614
0.783324
0.610020
0.509896
0.832363
0.580690
0.485984
0.719708
0.407147
0.833187
0.245215
0.443929
0.370176
0.797836
0.762011
0.342089
0.622513
0.033027
0.488799
0.100870
0.316273
0.986927
0.300283
0.774610
0.627029
0.943912
0.681996
0.181344
0.096185
0.064129
0.359343
0.838913
0.599771
0.985705
0.396810
0.516425
0.435975
0.531005
0.091160
0.734340
0.429386
0.035993
0.604413
0.643260
0.068955
0.654828
0.895662
0.650008
0.468718
0.102863
0.725229
0.201757
0.344271
0.731815
0.121139
0.466094
0.057934
0.575576
0.696881
0.626733
0.606330
0.390697
0.546381
0.486121
0.839600
0.050004
0.373775
0.806546
0.931950
0.599183
0.687604
0.723632
0.104869
0.485984
0.384401
0.313164
0.947737
0.597563
0.109029
0.839038
0.545878
0.518891
0.463343
0.205956
0.991919
0.347815
0.107987
0.775236
0.262799
0.184949
0.899595
0.310129
0.974698
0.384522
0.998229
0.476362
0.615486
0.546381
0.406586
0.245303
0.612605
0.295874
0.534852
0.149621
0.011152
0.020653
0.798712
0.207602
0.172716
0.516144
0.160013
0.311226
0.355205
0.577182
0.262984
0.313847
0.736358
0.838350
0.864523
0.327297
0.832490
0.696220
0.615486
0.343543
0.143269
0.524829
0.555460
0.836594
0.073621
0.466094
0.544011
0.137666
0.479151
0.066739
0.260866
0.461001
0.146085
0.428872
0.227685
0.988500
0.958742
0.964311
0.808539
0.442097
0.273866
0.117524
0.948213
0.827518
0.168823
0.294766
0.576233
0.174008
0.912220
0.629918
0.208101
0.555099
0.381277
0.015601
0.320896
0.117786
0.314215
0.384642
0.021117
0.394970
0.987975
0.982476
0.978214
0.028192
0.506539
0.156088
0.149299
0.232099
0.044638
0.351497
0.217977
0.491483
0.851599
0.895767
0.875385
0.158870
0.452357
0.988529
0.051708
0.723632
0.060223
0.081497
0.913036
0.749895
0.674457
0.518398
0.003586
0.402547
0.432480
0.472837
0.825142
0.287443
0.720362
0.142959
0.399087
0.065811
0.288085
0.052487
0.073621
0.754517
0.846842
0.780775
0.310338
0.248826
0.222769
0.352977
0.252701
0.149065
0.142509
0.679115
0.604118
0.455937
0.161568
0.314321
0.107260
0.162665
0.685981
0.100849
0.285081
0.723051
0.842276
0.279819
0.352009
0.158809
0.265906
0.774471
0.345113
0.106516
0.728055
0.727910
0.811714
0.287542
0.871292
0.919060
0.466632
0.058149
0.851599
0.699894
0.516707
0.191328
0.040794
0.243033
0.430545
0.386876
0.852145
0.264094
0.883456
0.321913
0.540642
0.976147
0.259171
0.623993
0.108363
0.288184
0.764334
0.243033
0.915509
0.747256
0.133336
0.860701
0.151150
0.467573
0.545303
0.827647
0.279819
0.918968
0.474869
0.039889
0.645188
0.350248
0.110598
0.886184
0.595945
0.754517
0.086916
0.387783
0.966893
0.279673
0.642296
0.898360
0.348323
0.510316
0.511227
0.849228
0.796486
0.037937
0.478402
0.220262
0.567055
0.203980
0.410399
0.285818
0.627992
0.762645
0.421770
0.454211
0.838100
0.318552
0.755580
0.766300
0.095529
0.474869
0.782429
0.099690
0.667722
0.970807
0.413539
0.189075
0.653419
0.149504
0.026658
0.503679
0.615782
0.176112
0.874027
0.443209
0.705469
0.745542
0.628140
0.988559
0.921446
0.110937
0.698792
0.185544
0.868070
0.219458
0.471485
0.558280
0.955751
0.974649
0.241429
0.877579
0.674605
0.430416
0.722688
0.720508
0.201682
0.933674
0.148105
0.584496
0.876118
0.534567
0.738372
0.856179
0.817556
0.584496
0.595945
0.496734
0.692393
0.461870
0.528233
0.273961
0.805947
0.983666
0.655495
0.967990
0.704809
0.897689
0.875611
0.701509
0.899595
0.114375
0.986782
0.529156
0.078236
0.800596
0.381637
0.899595
0.959575
0.278225
0.335711
0.784080
0.154067
0.854498
0.706421
0.171497
0.710518
0.537208
0.607953
0.613196
0.735277
0.132015
0.700041
0.286999
0.034743
0.888185
0.703709
0.791059
0.268337
0.586401
0.255039
0.354976
0.185334
0.151800
0.024172
0.723051
0.313847
0.066610
0.914372
0.536280
0.129149
0.701509
0.129640
0.422854
0.515370
0.519173
0.520726
0.845244
0.104998
0.036509
0.573680
0.827647
0.978784
0.375196
0.450638
0.395215
0.394541
0.398163
0.094425
0.336814
0.756360
0.496734
0.730080
0.974015
0.861469
0.924200
0.342704
0.984804
0.661277
0.366133
0.112621
0.862882
0.221109
0.842028
0.833314
0.927167
0.157001
0.287542
0.460267
0.550266
0.597563
0.029469
0.542792
0.523625
0.617556
0.670091
0.916733
0.313742
0.950025
0.613861
0.961955
0.977926
0.205804
0.938386
0.485847
0.056363
0.996812
0.263863
0.760813
0.077543
0.107987
0.858387
0.138898
0.180451
0.995014
0.180383
0.350872
0.237902
0.075962
0.895662
0.433320
0.763701
0.451894
0.692246
0.865165
0.057144
0.041709
0.712272
0.774332
0.857494
0.095410
0.918365
0.199442
0.714973
0.888400
0.813559
0.893512
0.982185
0.663055
0.810724
0.509545
0.700848
0.993488
0.417073
0.756360
