0.556810
0.086564
0.540347
0.165146
0.647745
0.224582
0.036434
0.578912
0.320773
0.454495
0.239750
0.417357
0.779316
0.008221
0.359532
0.549768
0.115820
0.896791
0.660794
0.126156
0.078470
0.827998
0.531894
0.996188
0.275732
0.121969
0.342719
0.446362
0.721997
0.166320
0.111533
0.347933
0.455876
0.585469
0.344601
0.916427
0.256064
0.644542
0.567018
0.311638
0.355118
0.988904
0.369123
0.196945
0.952462
0.983404
0.216587
0.089155
0.499041
0.554845
0.484483
0.014403
0.437474
0.696608
0.093949
0.411508
0.653559
0.033947
0.146180
0.242724
0.106195
0.119746
0.565274
0.846958
0.918592
0.684231
0.951958
0.019516
0.528367
0.251604
0.685294
0.121341
0.889960
0.080353
0.556810
0.901884
0.471639
0.998518
0.447203
0.635170
0.755444
0.292884
0.009524
0.095554
0.949683
0.724785
0.796816
0.690013
0.094230
0.179538
0.472396
0.031332
0.662691
0.306230
0.972324
0.357137
0.665536
0.655575
0.105952
0.645847
0.173937
0.911008
0.142141
0.408701
0.930300
0.199489
0.298203
0.919995
0.473154
0.130176
0.472613
0.707759
0.378878
0.548616
0.557968
0.874813
0.739111
0.753060
0.518291
0.664706
0.938276
0.442272
0.672406
0.445626
0.966754
0.085237
0.184449
0.104810
0.587932
0.635763
0.373082
0.294087
0.576225
0.348927
0.264274
0.715008
0.936526
0.639677
0.978436
0.327919
0.032615
0.461849
0.863286
0.293445
0.471855
0.708111
0.117331
0.080353
0.561443
0.639440
0.270108
0.881523
0.830857
0.480983
0.917326
0.062625
0.376020
0.955532
0.459071
0.621661
0.023215
0.489093
0.669209
0.045591
0.778763
0.441226
0.786474
0.230997
0.244956
0.998743
0.893274
0.133115
0.391518
0.347120
0.619885
0.655457
0.200921
0.364261
0.228997
0.649881
0.130760
0.606056
0.816188
0.773433
0.070433
0.852609
0.605466
0.256427
0.628176
0.920363
0.074442
0.052539
0.403420
0.761778
0.803697
0.918443
0.688834
0.772430
0.353016
0.847546
0.814300
0.953737
0.402032
0.655338
0.903662
0.160270
0.580901
0.040694
0.803269
0.015938
0.037624
0.062777
0.758955
0.611961
0.931733
0.549998
0.852803
0.162266
0.270485
0.970151
0.405607
0.444262
0.561443
0.674063
0.133412
0.594040
0.757484
0.280898
0.678795
0.571441
0.031309
0.620003
0.331228
0.344960
0.161615
0.268678
0.898447
0.219783
0.515474
0.808916
0.572257
0.494166
0.820362
0.474455
0.398082
0.554152
0.663639
0.896542
0.574123
0.589223
0.834103
0.976191
0.311889
0.888071
0.530186
0.307555
0.435501
0.176343
0.003673
0.064227
0.905265
0.350287
0.939493
0.952686
0.237760
0.884599
0.643830
0.829531
0.110808
0.257589
0.835113
0.807642
0.130176
0.042925
0.178939
0.698960
0.308136
0.115257
0.455026
0.781305
0.718971
0.177259
0.254547
0.621661
0.767175
0.637186
0.351377
0.790083
0.761665
0.099824
0.643474
0.675128
0.234765
0.647389
0.343167
0.444262
0.444891
0.225105
0.624266
0.127090
0.412211
0.943249
0.345319
0.760875
0.514236
0.572024
0.698372
0.930232
0.503044
0.078364
0.142186
0.001630
0.931868
0.279503
0.114029
0.002847
0.840628
0.337117
0.939429
0.490745
0.822023
0.167810
0.352469
0.554960
0.422030
0.357321
0.896957
0.120639
0.953517
0.798003
0.387534
0.430847
0.055729
0.485579
0.110591
0.317792
0.307306
0.122402
0.385021
0.561559
0.076784
0.589340
0.501819
0.042239
0.410404
0.570859
0.920216
0.529049
0.246922
0.945741
0.263903
0.501819
0.903340
0.104948
0.188332
0.739915
0.426733
0.125309
0.153685
0.090839
0.021895
0.993032
0.936917
0.082192
0.461635
0.554614
0.136673
0.077966
0.718971
0.547465
0.444891
0.769974
0.911627
0.223602
0.608063
0.702483
0.874632
0.639084
0.998738
0.948698
0.680332
0.877964
0.080326
0.316351
0.527117
0.266955
0.886774
0.822437
0.301297
0.865811
0.711270
0.670038
0.986090
0.851253
0.956865
0.455345
0.574473
0.865718
0.657236
0.378783
0.848525
0.815035
0.140446
0.392005
0.549768
0.940381
0.334207
0.843508
0.384925
0.650830
0.943064
0.453435
0.732427
0.998957
0.897869
0.512327
0.921678
0.306560
0.518291
0.406205
0.806897
0.167398
0.132776
0.457366
0.799835
0.773990
0.372703
0.370346
0.813774
0.822126
0.758390
0.579848
0.012634
0.325151
0.070481
0.579965
0.836524
0.737501
0.010795
0.265984
0.728726
0.264126
0.893358
0.547465
0.575757
0.079730
0.121969
0.819218
0.293525
0.250534
0.008683
0.498597
0.476626
0.862440
0.035768
0.638847
0.737846
0.250748
0.152539
0.913776
0.345499
0.406803
0.152825
0.634222
0.030063
0.827280
0.866556
0.707174
0.049482
0.424378
0.357321
0.093232
0.323945
0.218116
0.993467
0.822747
0.533033
0.370157
0.790083
0.645965
0.925273
0.138592
0.919774
0.972730
0.054131
0.021862
0.029767
0.606528
0.461100
0.689659
0.989870
0.347662
0.275349
0.921021
0.031620
0.510083
0.513450
0.630072
0.956494
0.625213
0.926335
0.330529
0.667669
0.309133
0.296907
0.696020
0.040143
0.510532
0.226682
0.620003
0.441122
0.081282
0.675483
0.971624
0.871902
0.652254
0.467000
0.336322
0.575757
0.661742
0.456408
0.515474
0.106021
0.725017
0.953737
0.242030
0.891410
0.452481
0.441853
0.841026
0.469263
0.297960
0.368373
0.314493
0.642525
0.439035
0.525415
0.076057
0.258536
0.511765
0.124587
0.005576
0.504493
0.010060
0.587110
0.827998
0.901071
0.401933
0.638728
0.651542
0.431156
0.139472
0.138242
0.935806
0.154694
0.156194
0.658778
0.606410
0.421012
0.808916
0.242238
0.917848
0.011083
0.062711
0.610425
0.589223
0.977295
0.537028
0.432085
0.641220
0.537371
0.674655
0.531780
0.694254
0.813985
0.985632
0.228334
0.316013
0.515136
0.911240
0.186523
0.345140
0.519983
0.446572
0.024820
0.369217
0.236191
0.612906
0.306395
0.285507
0.528594
0.336322
0.801339
0.175859
0.163776
0.698137
0.015071
0.068244
0.254908
0.465387
0.507732
0.599100
0.021378
0.631613
0.564577
0.293525
0.320516
0.605112
0.854346
0.336410
0.769303
0.369781
0.021226
0.964432
0.718506
0.449627
0.705299
0.969333
0.668379
0.184505
0.393372
0.100850
0.539545
0.245376
0.716874
0.307389
0.638966
0.316859
0.548501
0.032038
0.365006
0.586876
0.173990
0.995908
0.453435
0.853286
0.476409
0.946994
0.126197
0.146916
0.258901
0.444157
0.843211
0.421928
0.166781
0.725713
0.564809
0.096542
0.499818
0.511429
0.089903
0.280666
0.184059
0.711737
0.242030
0.438410
0.405408
0.242654
0.205023
0.971583
0.060258
0.789537
0.755785
0.237145
0.456940
0.320944
0.801339
0.678441
0.792153
0.338268
0.238513
0.059778
0.772988
0.423867
0.339955
0.121146
0.134820
0.533489
0.324720
0.691899
0.711504
0.949798
0.915296
0.612552
0.792479
0.628413
0.087586
0.383287
0.629598
0.782297
0.237828
0.533033
0.023310
0.704947
0.851350
0.542525
0.025529
0.239474
0.729189
0.906062
0.207835
0.955854
0.508068
0.847448
0.793674
0.724785
0.410404
0.376210
0.764368
0.222626
0.809128
0.936526
0.743816
0.725365
0.732658
0.236395
0.221201
0.700135
0.033481
0.552651
0.135077
0.684703
0.189812
0.098317
0.398180
0.713840
0.489314
0.387147
0.450683
0.292324
0.769303
0.857987
0.818905
0.370346
0.122599
0.108019
0.497044
0.414931
0.209253
0.320944
