0.651428
0.855043
0.763898
0.601357
0.381023
0.282298
0.493652
0.658597
0.623460
0.885186
0.745079
0.684131
0.710544
0.728926
0.708090
0.622296
0.633201
0.618973
0.0
0.0
0.0
0.0
0.0
0.0
0.0
0.0
0.0
0.0
0.0
0.0
0.0
0.0
0.0
0.0
0.0
0.0
0.020462
0.014724
0.034491
0.083842
0.157561
0.143906
0.113700
0.115771
0.281718
0.947452
0.469699
0.376575
0.528002
0.820416
0.691051
0.518369
0.666399
0.864615
0.441330
0.306128
0.356450
0.537005
0.444925
0.208870
0.317464
0.913637
0.721162
0.778122
0.460832
0.178913
0.198765
0.295713
0.200543
0.108572
0.131454
0.155187
0.0
0.0
0.0
0.0
0.0
0.0
0.0
0.0
0.0
0.0
0.0
0.0
0.0
0.0
0.0
0.0
0.0
0.0
